1  170.689655
2  343.071216
3  538.622779
4  749.947051
5  979.006854
6  1226.852386
7  1494.675921
8  1783.727788
9  2095.325755
10  2430.857537
11  2791.783873
12  3179.641647
13  3596.047087
14  4042.699025
15  4521.382218
16  5033.970723
17  5582.431320
18  6168.826956
19  6795.320228
20  7464.176863
21  8177.769192
22  8938.579607
23  9749.203969
24  10612.354956
25  11530.865321
26  12507.691032
27  13545.914276
28  14648.746277
29  15819.529910
30  17061.742059
31  18378.995685
32  19775.041552
33  21253.769564
34  22819.209661
35  24475.532212
36  26227.047844
37  28078.206644
38  30033.596653
39  32097.941592
40  34276.097727
41  36573.049800
42  38993.905921
43  41543.891359
44  44228.341109
45  47052.691147
46  50022.468287
47  53143.278511
48  56420.793699
49  59860.736636
50  63468.864199
51  67250.948641
52  71212.756847
53  75360.027512
54  79698.446120
55  84233.617684
56  88971.037167
57  93916.057546
58  99073.855487
59  104449.394619
60  110047.386421
61  115872.248754
62  121928.062113
63  128218.523672
64  134746.899280
65  141515.973552
66  148527.998271
67  155784.639342
68  163286.922607
69  171035.178834
70  179028.988292
71  187267.125329
72  195747.503444
73  204467.121381
74  213422.010817
75  222607.186268
76  232016.597863
77  241643.087678
78  251478.350347
79  261512.898682
80  271736.035051
81  282135.829256
82  292699.103651
83  303411.426206
84  314257.112185
85  325219.235077
86  336279.647324
87  347419.011326
88  358616.841112
89  369851.554957
90  381100.539084
